673.6581421	0
675.9570923	4.821935073E-10
675.9588013	1.71362724E-9
675.9605103	2.600337057E-9
675.9622192	3.931939219E-9
675.9638672	5.838697081E-9
675.9655762	8.767488069E-9
675.9672852	1.311892461E-8
675.9689331	1.928482263E-8
675.9706421	2.865636617E-8
675.9723511	4.243171503E-8
675.973999	6.17470306E-8
675.975708	9.079617058E-8
675.977417	1.330401034E-7
675.9790649	1.916535979E-7
675.9807739	2.788781046E-7
675.9824829	4.043666308E-7
675.9841919	5.842518362E-7
675.9858398	8.303509844E-7
675.9875488	1.19142976E-6
675.9892578	1.703488579E-6
675.9909058	2.396677928E-6
675.9926147	3.403003575E-6
675.9943237	4.814808108E-6
675.9959717	6.705909527E-6
675.9976807	9.422285075E-6
675.9993896	1.319224793E-5
676.0010986	1.84053788E-5
676.0027466	2.529011726E-5
676.0044556	3.503960761E-5
676.0061646	4.837615415E-5
676.0078125	6.580298214E-5
676.0095215	9.021937876E-5
676.0112305	0.0001232587674
676.0128784	0.0001659742411
676.0145874	0.0002251857513
676.0162964	0.0003044419864
676.0179443	0.0004058225313
676.0196533	0.0005448565353
676.0213623	0.000728940242
676.0230713	0.0009717739886
676.0247192	0.001277978998
676.0264282	0.001691917656
676.0281372	0.002232022351
676.0297852	0.002905799542
676.0314941	0.003806859255
676.0332031	0.004969719797
676.0348511	0.00640482828
676.0365601	0.008303376846
676.038269	0.0107266875
676.039978	0.01380830165
676.041626	0.01755669713
676.043335	0.02244396135
676.0450439	0.02859038301
676.0466919	0.03598579019
676.0484009	0.04552329704
676.0501099	0.05738520995
676.0517578	0.07150221616
676.0534668	0.08950926363
676.0551758	0.1116554737
676.0568237	0.1377234906
676.0585327	0.1706091315
676.0602417	0.210600853
676.0619507	0.2590488195
676.0635986	0.3152365983
676.0653076	0.3850705624
676.0670166	0.468713671
676.0686646	0.5646392107
676.0703735	0.6825278997
676.0720825	0.8221167922
676.0737305	0.9804047346
676.0754395	1.172737002
676.0771484	1.397846699
676.0788574	1.66028285
676.0805054	1.953353286
676.0822144	2.304015875
676.0839233	2.708031416
676.0855713	3.153994322
676.0872803	3.681384802
676.0889893	4.281788826
676.0906372	4.936747551
676.0923462	5.70212841
676.0940552	6.562913895
676.0957031	7.490671158
676.0974121	8.561750412
676.0991211	9.751423836
676.1008301	11.06718349
676.102478	12.46200657
676.104187	14.0455637
676.105896	15.77444363
676.1075439	17.58382225
676.1092529	19.61146927
676.1109619	21.79569244
676.1126099	24.05128288
676.1143188	26.54488373
676.1160278	29.19355774
676.1177368	31.99313927
676.1193848	34.82981873
676.1210938	37.90557861
676.1228027	41.10726929
676.1244507	44.30179977
676.1261597	47.7110405
676.1278687	51.20118332
676.1295166	54.62495041
676.1312256	58.21491623
676.1329346	61.82171631
676.1345825	65.29206848
676.1362915	68.85718536
676.1380005	72.36052704
676.1397095	75.77357483
676.1413574	78.95213318
676.1430664	82.10354614
676.1447754	85.07923889
676.1464233	87.75623322
676.1481323	90.30704498
676.1498413	92.6038208
676.1514893	94.55653381
676.1531982	96.28992462
676.1549072	97.7088089
676.1566162	98.79846191
676.1582642	99.52667236
676.1599731	99.93968201
676.1616821	100
676.1633301	99.72351074
676.1650391	99.09268951
676.166748	98.11811066
676.168396	96.86234283
676.170105	95.24552155
676.171814	93.32494354
676.1735229	91.12015533
676.1751709	88.7456131
676.1768799	86.0489502
676.1785889	83.1395874
676.1802368	80.15829468
676.1819458	76.91175079
676.1836548	73.53608704
676.1853027	70.18580627
676.1870117	66.640625
676.1887207	63.05105209
676.1903687	59.57297897
676.1920776	55.97377396
676.1937866	52.40628433
676.1954956	48.89289093
676.1971436	45.57527161
676.1988525	42.22537994
676.2005615	38.98354721
676.2022095	35.97270203
676.2039185	32.9809227
676.2056274	30.1311779
676.2072754	27.52427673
676.2089844	24.97187424
676.2106934	22.57615089
676.2124023	20.33818436
676.2140503	18.32898903
676.2157593	16.39768982
676.2174683	14.61808109
676.2191162	13.04141712
676.2208252	11.54554367
676.2225342	10.18515205
676.2241821	8.995183945
676.2258911	7.88034153
676.2276001	6.87928915
676.229248	6.014426231
676.230957	5.21404314
676.232666	4.504208565
676.234375	3.87726903
676.2360229	3.344282627
676.2377319	2.858855724
676.2394409	2.435258627
676.2410889	2.079361916
676.2427979	1.758995891
676.2445068	1.48273313
676.2461548	1.253302574
676.2478638	1.049146056
676.2495728	0.8751440644
676.2512817	0.7274221182
676.2529297	0.6066049933
676.2546387	0.5007197857
676.2563477	0.4118576944
676.2579956	0.3399965167
676.2597046	0.2777209878
676.2614136	0.2260509431
676.2630615	0.1847318262
676.2647705	0.1493211091
676.2664795	0.1202718839
676.2681274	0.09729877859
676.2698364	0.07782734185
676.2715454	0.06203265488
676.2732544	0.04926881194
676.2749023	0.03932254761
676.2766113	0.03101523407
676.2783203	0.02437653765
676.2799683	0.019259708
676.2816772	0.01503240131
676.2833862	0.01169150881
676.2850342	0.009144418873
676.2867432	0.007062850054
676.2884521	0.00543584954
676.2901611	0.004168868996
676.2918091	0.003216843586
676.2935181	0.002449980704
676.2952271	0.001859340235
676.296875	0.001420294866
676.298584	0.001070425264
676.300293	0.0008038916858
676.3019409	0.0006078899023
676.3036499	0.0004533649189
676.3053589	0.0003369258193
676.3070068	0.0002522141731
676.3087158	0.0001861391647
676.3104248	0.0001368893136
676.3121338	0.0001003147045
676.3137817	7.408425881E-5
676.3154907	5.391416926E-5
676.3171997	3.909696898E-5
676.3188477	2.858328662E-5
676.3205566	2.058419523E-5
676.3222656	1.477131991E-5
676.3239136	1.069046084E-5
676.3256226	7.618393738E-6
676.3273315	5.409960522E-6
676.3290405	3.828139597E-6
676.3306885	2.733321026E-6
676.3323975	1.920729574E-6
676.3341064	1.344947009E-6
676.3357544	9.506397873E-7
676.3374634	6.61053889E-7
676.3391724	4.580582242E-7
676.3408203	3.205080645E-7
676.3425293	2.205487846E-7
676.3442383	1.51228619E-7
676.3458862	1.047515852E-7
676.3475952	7.132982205E-8
676.3493042	4.840003598E-8
676.3510132	3.272525007E-8
676.3526611	2.236326146E-8
676.3543701	1.501600089E-8
676.3560791	1.004700412E-8
676.3577271	6.796680108E-9
676.359436	4.516071073E-9
676.361145	2.990117931E-9
676.362793	2.002425559E-9
676.364502	9.956493408E-10
676.9544678	3.086864315E-12
676.9561768	2.302090289E-11
676.9578247	3.444159541E-11
676.9595337	6.843659528E-10
676.9612427	1.124441318E-9
676.9628906	1.680794837E-9
676.9645996	2.538774524E-9
676.9663086	3.817066219E-9
676.9680176	5.718727714E-9
676.9696655	8.41677128E-9
676.9713745	1.252274551E-8
676.9730835	1.856603049E-8
676.9747314	2.705052715E-8
676.9764404	3.982710339E-8
676.9781494	5.843142858E-8
676.9797974	8.427802811E-8
676.9815063	1.227909223E-7
676.9832153	1.782716339E-7
676.9849243	2.579068905E-7
676.9865723	3.669964883E-7
676.9882813	5.272614203E-7
676.9899902	7.548409826E-7
676.9916382	1.063323452E-6
676.9933472	1.511743562E-6
676.9950562	2.141685172E-6
676.9967041	2.986595064E-6
676.9984131	4.201816864E-6
677.0001221	5.890649845E-6
677.00177	8.131943105E-6
677.003479	1.132149737E-5
677.005188	1.570644054E-5
677.006897	2.171282358E-5
677.0085449	2.957177458E-5
677.0102539	4.05975079E-5
677.0119629	5.553744631E-5
677.0136108	7.487856055E-5
677.0153198	0.0001017250252
677.0170288	0.0001377089065
677.0186768	0.0001837995806
677.0203857	0.0002470941108
677.0220947	0.0003310128232
677.0238037	0.0004418668977
677.0254517	0.0005818399368
677.0271606	0.0007713178638
677.0288696	0.001018891926
677.0305176	0.001328160637
677.0322266	0.00174232095
677.0339355	0.002277562395
677.0355835	0.002939022845
677.0372925	0.003815299599
677.0390015	0.004935355391
677.0406494	0.006304654758
677.0423584	0.008099059574
677.0440674	0.0103674503
677.0457764	0.01322433166
677.0474243	0.01666655578
677.0491333	0.02111207321
677.0508423	0.02664895728
677.0524902	0.0332477577
677.0541992	0.0416768454
677.0559082	0.05205848813
677.0575562	0.0642959699
677.0592651	0.07975604385
677.0609741	0.09858430177
677.0626831	0.121427156
677.0643311	0.1479575187
677.06604	0.1809791178
677.067749	0.2205890715
677.069397	0.26608181
677.071106	0.322072506
677.0728149	0.3884691
677.0744629	0.4638712108
677.0761719	0.5556269288
677.0778809	0.6631828547
677.0795898	0.788764596
677.0812378	0.9292168021
677.0829468	1.097524405
677.0846558	1.291740894
677.0863037	1.506450415
677.0880127	1.760755181
677.0897217	2.050724268
677.0913696	2.367535114
677.0930786	2.738342047
677.0947876	3.15604353
677.0964355	3.606962919
677.0981445	4.128382683
677.0998535	4.708497047
677.1015625	5.351168633
677.1032104	6.033589363
677.1049194	6.809653759
677.1066284	7.658405781
677.1082764	8.548208237
677.1099854	9.547095299
677.1116943	10.62506008
677.1133423	11.74025631
677.1150513	12.97539902
677.1167603	14.28984928
677.1184692	15.68190193
677.1201172	17.09516144
677.1218262	18.6306076
677.1235352	20.23228455
677.1251831	21.83377457
677.1268921	23.54666519
677.1286011	25.30428123
677.130249	27.03256416
677.131958	28.84926033
677.133667	30.67933846
677.1353149	32.44506454
677.1370239	34.26436615
677.1387329	36.05792618
677.1404419	37.81138992
677.1420898	39.45058441
677.1437988	41.08262253
677.1455078	42.63112259
677.1471558	44.03183746
677.1488647	45.3751564
677.1505737	46.59436798
677.1522217	47.64119339
677.1539307	48.5825882
677.1556396	49.36766052
677.1573486	49.98829269
677.1589966	50.42496109
677.1607056	50.70537949
677.1624146	50.80733109
677.1640625	50.73560333
677.1657715	50.48564529
677.1674805	50.05953979
677.1691284	49.48601532
677.1708374	48.72861099
677.1725464	47.81338501
677.1741943	46.79013062
677.1759033	45.59344482
677.1776123	44.27049637
677.1793213	42.83415985
677.1809692	41.35450745
677.1826782	39.73575211
677.1843872	38.04554367
677.1860352	36.36181259
677.1877441	34.57406998
677.1894531	32.75815201
677.1911011	30.99347115
677.1928101	29.16229439
677.194519	27.3424263
677.196228	25.54560661
677.197876	23.84486771
677.199585	22.12364578
677.2012939	20.45419312
677.2029419	18.90036011
677.2046509	17.35315132
677.2063599	15.87634087
677.2080078	14.52269745
677.2097168	13.19477367
677.2114258	11.94594383
677.2130737	10.81748676
677.2147827	9.725848198
677.2164917	8.713496208
677.2182007	7.77895546
677.2198486	6.949522018
677.2215576	6.161214352
677.2232666	5.443040371
677.2249146	4.813758373
677.2266235	4.223204613
677.2283325	3.692017555
677.2299805	3.23232913
677.2316895	2.806207895
677.2333984	2.427660227
677.2351074	2.092761755
677.2367554	1.807587981
677.2384644	1.547440171
677.2401733	1.320055842
677.2418213	1.128705978
677.2435303	0.9561848044
677.2452393	0.8071730137
677.2468872	0.6832257509
677.2485962	0.5727584958
677.2503052	0.478456974
677.2519531	0.4009123445
677.2536621	0.3325855434
677.2553711	0.274929285
677.2570801	0.2264658064
677.258728	0.1872134358
677.260437	0.1531444192
677.262146	0.1248328909
677.2637939	0.1021580622
677.2655029	0.08269577473
677.2672119	0.06670488417
677.2688599	0.05403937027
677.2705688	0.04328799248
677.2722778	0.03455319256
677.2739868	0.02748356201
677.2756348	0.02196612395
677.2773438	0.01735084876
677.2790527	0.01365689561
677.2807007	0.01080542151
677.2824097	0.008446086198
677.2841187	0.00657859724
677.2857666	0.005152667407
677.2874756	0.003985587042
677.2891846	0.003071967978
677.2908325	0.002381905681
677.2925415	0.001823187456
677.2942505	0.001390599995
677.2959595	0.001056907931
677.2976074	0.0008084868896
677.2993164	0.0006102254265
677.3010254	0.0004589564051
677.3026733	0.0003475492995
677.3043823	0.0002595854457
677.3060913	0.0001932004088
677.3077393	0.0001448312105
677.3094482	0.0001070465441
677.3111572	7.884013758E-5
677.3128662	5.786096153E-5
677.3145142	4.279251516E-5
677.3162231	3.118810855E-5
677.3179321	2.265030525E-5
677.3195801	1.658308975E-5
677.3212891	1.196005087E-5
677.322998	8.595371582E-6
677.324646	6.229678092E-6
677.326355	4.446105777E-6
677.328064	3.161975201E-6
677.3297119	2.268654953E-6
677.3314209	1.602246471E-6
677.3331299	1.127598239E-6
677.3348389	7.907580084E-7
677.3364868	5.597338486E-7
677.3381958	3.89810566E-7
677.3399048	2.705137376E-7
677.3415527	1.895556352E-7
677.3432617	1.306337083E-7
677.3449707	8.970940968E-8
677.3466187	6.222936833E-8
677.3483276	4.243854335E-8
677.3500366	2.883967376E-8
677.3517456	1.952916762E-8
677.3533936	1.336499711E-8
677.3551025	8.987629307E-9
677.3568115	6.022615295E-9
677.3584595	4.080189075E-9
677.3601685	2.715209391E-9
677.3618774	1.798434068E-9
677.3635254	1.19413901E-9
677.3652344	7.864376372E-10
677.3669434	9.523189876E-11
677.3686523	7.584321192E-12
677.3703003	2.810067066E-12
677.9534912	5.236925338E-10
677.9552002	1.116843285E-9
677.9569092	1.700328212E-9
677.9585571	2.534128463E-9
677.9602661	3.814958571E-9
677.9619751	5.722883056E-9
677.963623	8.507909044E-9
677.965332	1.277306616E-8
677.967041	1.896815682E-8
677.96875	2.807093935E-8
677.9703979	4.082416538E-8
677.9721069	5.9992459E-8
677.9738159	8.785026751E-8
677.9754639	1.264800602E-7
677.9771729	1.839321726E-7
677.9788818	2.665391037E-7
677.9805298	3.798913042E-7
677.9822388	5.467035749E-7
677.9839478	7.839938121E-7
677.9856567	1.120316483E-6
677.9873047	1.575365673E-6
677.9890137	2.235630745E-6
677.9907227	3.161454288E-6
677.9923706	4.400964372E-6
677.9940796	6.180529454E-6
677.9957886	8.649109986E-6
677.9974365	1.191940373E-5
677.9991455	1.656501809E-5
678.0008545	2.294025217E-5
678.0025024	3.129705874E-5
678.0042114	4.304292088E-5
678.0059204	5.898870222E-5
678.0076294	8.055730723E-5
678.0092773	0.0001084320902
678.0109863	0.0001470573334
678.0126953	0.0001987399592
678.0143433	0.0002648273658
678.0160522	0.0003554309951
678.0177612	0.0004753539397
678.0194092	0.0006270766607
678.0211182	0.0008328694385
678.0228271	0.00110230979
678.0245361	0.001453785342
678.0261841	0.001892150613
678.0278931	0.002478266368
678.0296021	0.003234530101
678.03125	0.004167687148
678.032959	0.005401997827
678.034668	0.006977261044
678.0363159	0.008900179528
678.0380249	0.01141632721
678.0397339	0.01459237374
678.0413818	0.0184276849
678.0430908	0.02339205518
678.0447998	0.02958953567
678.0465088	0.03729752824
678.0481567	0.04647125676
678.0498657	0.05817360431
678.0515747	0.07256715
678.0532227	0.08951154351
678.0549316	0.1108904034
678.0566406	0.1368932575
678.0582886	0.1671695411
678.0599976	0.2049496025
678.0617065	0.2503865063
678.0634155	0.3048237562
678.0650635	0.3672741652
678.0667725	0.4440497756
678.0684814	0.5349924564
678.0701294	0.6381598711
678.0718384	0.7635719776
678.0735474	0.9104289412
678.0751953	1.07515192
678.0769043	1.273126841
678.0786133	1.502275825
678.0802612	1.75637579
678.0819702	2.058271408
678.0836792	2.403613567
678.0853882	2.797072172
678.0870361	3.226631403
678.0887451	3.729044914
678.0904541	4.294609547
678.0921021	4.904764652
678.093811	5.609899998
678.09552	6.39397049
678.097168	7.229636192
678.098877	8.183599472
678.1005859	9.231061935
678.1022949	10.37621117
678.1039429	11.57637215
678.1056519	12.92332458
678.1073608	14.37661266
678.1090088	15.87988567
678.1107178	17.54470825
678.1124268	19.31641388
678.1140747	21.12403488
678.1157837	23.09805298
678.1174927	25.16845322
678.1191406	27.25017548
678.1208496	29.48971748
678.1225586	31.80206299
678.1242676	34.17621231
678.1259155	36.51238251
678.1276245	38.9701004
678.1293335	41.44841766
678.1309814	43.84229279
678.1326904	46.31210709
678.1343994	48.75079346
678.1360474	51.05512238
678.1377563	53.37692261
678.1394653	55.61024094
678.1411743	57.73557281
678.1428223	59.66482925
678.1445313	61.52293777
678.1462402	63.21853256
678.1478882	64.68431091
678.1495972	66.01437378
678.1513062	67.13792419
678.1529541	68.01512909
678.1546631	68.70201874
678.1563721	69.15512848
678.15802	69.36632538
678.159729	69.34906006
678.161438	69.09152985
678.163147	68.59643555
678.1647949	67.89889526
678.1665039	66.95449066
678.1682129	65.79466248
678.1698608	64.48320007
678.1715698	62.93616104
678.1732788	61.21376801
678.1749268	59.40232849
678.1766357	57.38489151
678.1783447	55.24437332
678.1800537	52.99994278
678.1817017	50.75547028
678.1834106	48.36363602
678.1851196	45.92541122
678.1867676	43.54794312
678.1884766	41.07267761
678.1901855	38.60448456
678.1918335	36.24625015
678.1935425	33.83776474
678.1952515	31.48044777
678.1968994	29.26716995
678.1986084	27.04432678
678.2003174	24.90426445
678.2020264	22.85460281
678.2036743	20.96949005
678.2053833	19.1138134
678.2070923	17.36243439
678.2087402	15.77421474
678.2104492	14.23223019
678.2121582	12.79685116
678.2138062	11.51242161
678.2155151	10.28161144
678.2172241	9.150859833
678.2189331	8.116506577
678.2205811	7.20647192
678.22229	6.348883629
678.223999	5.574163914
678.225647	4.900806904
678.227356	4.273852825
678.2290649	3.714328527
678.2307129	3.233743668
678.2324219	2.791502953
678.2341309	2.401488066
678.2358398	2.058889151
678.2374878	1.769139767
678.2391968	1.506568789
678.2409058	1.27857697
678.2425537	1.087927699
678.2442627	0.9170948267
678.2459717	0.7704426646
678.2476196	0.6491724253
678.2493286	0.5417065024
678.2510376	0.4504855573
678.2526855	0.375880152
678.2543945	0.3104884326
678.2561035	0.2555965781
678.2578125	0.2096902877
678.2594604	0.1726890504
678.2611694	0.1407242864
678.2628784	0.1142846197
678.2645264	0.09320247918
678.2662354	0.07518450916
678.2679443	0.06044272333
678.2695923	0.0488133207
678.2713013	0.03897957504
678.2730103	0.03102066554
678.2747192	0.02460256405
678.2763672	0.01961096749
678.2780762	0.01544942334
678.2797852	0.01212944929
678.2814331	0.009574512951
678.2831421	0.007466720883
678.2848511	0.005803082604
678.286499	0.004536196124
678.288208	0.00350191351
678.289917	0.002694230992
678.2915649	0.00208557304
678.2932739	0.001593820052
678.2949829	0.001213861047
678.2966919	0.000921328261
678.2983398	0.0007039324264
678.3000488	0.0005307141109
678.3017578	0.0003987547243
678.3034058	0.0003017026756
678.3051147	0.0002251688275
678.3068237	0.0001674758678
678.3084717	0.0001254819945
678.3101807	9.270617011E-5
678.3118896	6.825754826E-5
678.3135986	5.008496373E-5
678.3152466	3.703895345E-5
678.3169556	2.699587276E-5
678.3186646	1.96087567E-5
678.3203125	1.435999002E-5
678.3220215	1.036066533E-5
678.3237305	7.449627446E-6
678.3253784	5.402433544E-6
678.3270874	3.858474429E-6
678.3287964	2.746342943E-6
678.3304443	1.972234941E-6
678.3321533	1.394362357E-6
678.3338623	9.824372E-7
678.3355713	6.898352467E-7
678.3372192	4.88945318E-7
678.3389282	3.410175395E-7
678.3406372	2.370302923E-7
678.3422852	1.663650977E-7
678.3439941	1.148585653E-7
678.3457031	7.902675492E-8
678.3473511	5.492534783E-8
678.3490601	3.753665112E-8
678.350769	2.55650825E-8
678.352478	1.735191546E-8
678.354126	1.190269128E-8
678.355835	8.024436227E-9
678.3575439	5.391268321E-9
678.3591919	3.662031567E-9
678.3609009	2.095188245E-9
678.3626099	1.190117116E-9
678.3642578	8.001600493E-10
678.3659668	5.295726635E-10
678.3676758	3.50612761E-10
678.3693237	2.347628203E-10
678.3710327	1.046117221E-10
678.3727417	4.409635851E-12
678.3744507	2.697678886E-12
678.9508667	5.420725067E-12
678.9525757	1.513781635E-11
678.9542236	1.264272992E-10
678.9559326	2.118625969E-10
678.9576416	3.945118399E-10
678.9592896	9.284093494E-10
678.9609985	1.403576033E-9
678.9627075	2.11465756E-9
678.9643555	3.126578774E-9
678.9660645	4.700416945E-9
678.9677734	7.003233993E-9
678.9694824	1.03977964E-8
678.9711304	1.517046044E-8
678.9728394	2.236811802E-8
678.9745483	3.28651879E-8
678.9761963	4.747137083E-8
678.9779053	6.927009366E-8
678.9796143	1.007246908E-7
678.9812622	1.440379123E-7
678.9829712	2.080051189E-7
678.9846802	2.99328434E-7
678.9863281	4.237732014E-7
678.9880371	6.056396273E-7
678.9897461	8.625250416E-7
678.9914551	1.224067546E-6
678.993103	1.709882326E-6
678.994812	2.409944955E-6
678.996521	3.384731599E-6
678.9981689	4.680904567E-6
678.9998779	6.529111488E-6
679.0015869	9.075165508E-6
679.0032349	1.242524286E-5
679.0049438	1.715190956E-5
679.0066528	2.359372229E-5
679.0083618	3.234123142E-5
679.0100098	4.369002272E-5
679.0117188	5.947704267E-5
679.0134277	8.068500756E-5
679.0150757	0.0001079103749
679.0167847	0.0001453829755
679.0184937	0.0001951822051
679.0201416	0.0002584373287
679.0218506	0.0003445789916
679.0235596	0.0004578243243
679.0252075	0.0006001477013
679.0269165	0.0007919081836
679.0286255	0.001041281153
679.0303345	0.001364385826
679.0319824	0.001764702844
679.0336914	0.002296400256
679.0354004	0.002977831056
679.0370483	0.003813105635
679.0387573	0.004910639022
679.0404663	0.00630192738
679.0421143	0.007989075035
679.0438232	0.01018213015
679.0455322	0.01293174177
679.0472412	0.01636633463
679.0488892	0.02047149651
679.0505981	0.02573065832
679.0523071	0.03222761676
679.0539551	0.03990896419
679.0556641	0.04964260757
679.057373	0.06153395399
679.059021	0.07543991506
679.06073	0.09286843985
679.062439	0.1139229536
679.0640869	0.1382743716
679.0657959	0.1684579104
679.0675049	0.2045112997
679.0692139	0.2474111319
679.0708618	0.2962949574
679.0725708	0.3559860289
679.0742798	0.4262042046
679.0759277	0.5053203106
679.0776367	0.6008390188
679.0793457	0.7119106054
679.0809937	0.8356388211
679.0827026	0.9833150506
679.0844116	1.153035641
679.0861206	1.347314477
679.0877686	1.560402274
679.0894775	1.810795069
679.0911865	2.094007492
679.0928345	2.400987625
679.0945435	2.75743556
679.0962524	3.155708313
679.0979004	3.5822227
679.0996094	4.071465492
679.1013184	4.611316681
679.1029663	5.182326317
679.1046753	5.829154015
679.1063843	6.53374958
679.1080933	7.297860622
679.1097412	8.092262268
679.1114502	8.976552963
679.1131592	9.922598839
679.1148071	10.89290905
679.1165161	11.95821667
679.1182251	13.08172607
679.119873	14.21764278
679.121582	15.44660664
679.123291	16.72301483
679.125	18.04148483
679.1266479	19.34682655
679.1283569	20.72880173
679.1300659	22.13170815
679.1317139	23.49615669
679.1334229	24.91405106
679.1351318	26.32498741
679.1367798	27.66906357
679.1384888	29.03522873
679.1401978	30.36213493
679.1419067	31.63848114
679.1435547	32.81083298
679.1452637	33.95530701
679.1469727	35.01663971
679.1486206	35.95182419
679.1503296	36.8209343
679.1520386	37.57899857
679.1536865	38.19764328
679.1553955	38.71632767
679.1571045	39.10464096
679.1587524	39.3518219
679.1604614	39.47356415
679.1621704	39.45703888
679.1638794	39.30241013
679.1655273	39.02401352
679.1672363	38.60417938
679.1689453	38.05513763
679.1705933	37.40862274
679.1723022	36.62338638
679.1740112	35.72909546
679.1756592	34.77173996
679.1773682	33.6897583
679.1790771	32.52716827
679.1807861	31.29475212
679.1824341	30.05061913
679.1841431	28.71355057
679.1858521	27.33992958
679.1875	25.99116516
679.189209	24.57789612
679.190918	23.16012001
679.1925659	21.79798126
679.1942749	20.39957047
679.1959839	19.02405357
679.1976318	17.72661209
679.1993408	16.41786766
679.2010498	15.15252972
679.2027588	13.93576813
679.2044067	12.81247711
679.2061157	11.7027607
679.2078247	10.65174961
679.2094727	9.695526123
679.2111816	8.764231682
679.2128906	7.894667149
679.2145386	7.114315033
679.2162476	6.364481926
679.2179565	5.673760891
679.2196655	5.040306091
679.2213135	4.481647015
679.2230225	3.953974962
679.2247314	3.476229429
679.2263794	3.06012392
679.2280884	2.671924114
679.2297974	2.32481122
679.2314453	2.026136637
679.2331543	1.750827909
679.2348633	1.507636786
679.2365112	1.300854445
679.2382202	1.112483382
679.2399292	0.9480628967
679.2416382	0.8051181436
679.2432861	0.6854506731
679.2449951	0.5781104565
679.2467041	0.4858748019
679.2483521	0.4095372558
679.250061	0.3418375254
679.25177	0.2843316197
679.253418	0.2372724861
679.255127	0.1960044354
679.2568359	0.1613481641
679.2585449	0.1323553771
679.2601929	0.1089812145
679.2619019	0.08878566325
679.2636108	0.07207991183
679.2652588	0.05875962973
679.2669678	0.04737665132
679.2686768	0.03806536645
679.2703247	0.03072205558
679.2720337	0.02451492846
679.2737427	0.01949357241
679.2753906	0.01557643432
679.2770996	0.01230110507
679.2788086	0.009680568241
679.2805176	0.007591689005
679.2821655	0.005985595752
679.2838745	0.004661880434
679.2855835	0.003618226852
679.2872314	0.002824379597
679.2889404	0.002177080838
679.2906494	0.001672273735
679.2922974	0.001292390632
679.2940063	0.0009859252023
679.2957153	0.0007495075697
679.2974243	0.0005677923327
679.2990723	0.0004329844669
679.3007813	0.0003257647622
679.3024902	0.0002442407422
679.3041382	0.0001844004582
679.3058472	0.0001373076375
679.3075562	0.0001018849507
679.3092041	7.615810318E-5
679.3109131	5.61243105E-5
679.3126221	4.121625898E-5
679.31427	3.050267696E-5
679.315979	2.224722084E-5
679.317688	1.616950431E-5
679.319397	1.17111822E-5
679.3210449	8.552081454E-6
679.3227539	6.15172803E-6
679.3244629	4.4096696E-6
679.3261108	3.188180017E-6
679.3278198	2.26972702E-6
679.3295288	1.610230697E-6
679.3311768	1.152634013E-6
679.3328857	8.121355108E-7
679.3345947	5.702300427E-7
679.3363037	3.98984298E-7
679.3379517	2.81816142E-7
679.3396606	1.958371456E-7
679.3413696	1.356155508E-7
679.3430176	9.483923691E-8
679.3447266	6.522688523E-8
679.3464355	4.47044215E-8
679.3480835	3.095275147E-8
679.3497925	2.106920149E-8
679.3515015	1.429164165E-8
679.3531494	9.79720749E-9
679.3548584	6.600274105E-9
679.3565674	4.431059519E-9
679.3582764	2.960918399E-9
679.3599243	1.99841832E-9
679.3616333	1.25881594E-9
679.3633423	8.212936442E-10
679.3649902	5.021238425E-10
679.3666992	1.035835862E-10
679.3684082	6.787644752E-11
679.3700562	4.425414549E-11
679.3717651	2.913866717E-11
679.3734741	1.546321231E-12
679.3751831	8.47503491E-13
679.3768311	2.506049025E-13
679.9515991	1.190470357E-12
679.9533081	3.983714053E-11
679.9549561	5.946588222E-10
679.956665	9.034278881E-10
679.958374	1.391829318E-9
679.960022	2.177676706E-9
679.961731	3.302460971E-9
679.9634399	4.952510402E-9
679.9650879	7.294868265E-9
679.9667969	1.086086332E-8
679.9685059	1.611307709E-8
679.9701538	2.349371719E-8
679.9718628	3.461557085E-8
679.9735718	5.082078758E-8
679.9752808	7.434943683E-8
679.9769287	1.069450377E-7
679.9786377	1.553763269E-7
679.9803467	2.249446993E-7
679.9819946	3.203140864E-7
679.9837036	4.605267065E-7
679.9854126	6.59783268E-7
679.9870605	9.300773058E-7
679.9887695	1.323285233E-6
679.9904785	1.876095894E-6
679.9921875	2.650475153E-6
679.9938354	3.686212949E-6
679.9955444	5.171757039E-6
679.9972534	7.230402389E-6
679.9989014	9.954926099E-6
680.0006104	1.382138453E-5
680.0023193	1.912195876E-5
680.0039673	2.606311682E-5
680.0056763	3.58093348E-5
680.0073853	4.902682849E-5
680.0090942	6.688649592E-5
680.0107422	8.994432574E-5
680.0124512	0.0001218619
680.0141602	0.0001645241719
680.0158081	0.0002190203959
680.0175171	0.0002936542733
680.0192261	0.0003923337499
680.020874	0.0005170472432
680.022583	0.0006860242574
680.024292	0.0009070202941
680.0259399	0.00118334638
680.0276489	0.001553743263
680.0293579	0.002032893943
680.0310669	0.002650441602
680.0327148	0.003411586862
680.0344238	0.004417236429
680.0361328	0.00569918938
680.0377808	0.007262270432
680.0394897	0.00930520054
680.0411987	0.01188084856
680.0428467	0.01498747058
680.0445557	0.01900384203
680.0462646	0.02401170321
680.0479736	0.03023240343
680.0496216	0.03762694448
680.0513306	0.04704795405
680.0530396	0.05862066522
680.0546875	0.07222701609
680.0563965	0.08937211335
680.0581055	0.1101978347
680.0597534	0.1344141662
680.0614624	0.1645919383
680.0631714	0.2008357495
680.0648193	0.242513895
680.0665283	0.2938743234
680.0682373	0.3548590541
680.0699463	0.4269917309
680.0715942	0.5087015033
680.0733032	0.6078825593
680.0750122	0.7238452435
680.0766602	0.8537172079
680.0783691	1.009563446
680.0800781	1.189659834
680.0817261	1.389045477
680.0834351	1.625546932
680.085144	1.89562428
680.086853	2.20279932
680.088501	2.537575722
680.09021	2.928437471
680.0919189	3.36762023
680.0935669	3.840553045
680.0952759	4.386072159
680.0969849	4.991463661
680.0986328	5.635413647
680.1003418	6.369029999
680.1020508	7.172838211
680.1036987	8.017089844
680.1054077	8.966651917
680.1071167	9.99342823
680.1088257	11.09863091
680.1104736	12.23908997
680.1121826	13.49895763
680.1138916	14.83618832
680.1155396	16.19687843
680.1172485	17.67869377
680.1189575	19.22826767
680.1206055	20.7816124
680.1223145	22.44742203
680.1240234	24.16157341
680.1257324	25.91525459
680.1273804	27.63448715
680.1290894	29.43605042
680.1307983	31.24491882
680.1324463	32.98428726
680.1341553	34.77005386
680.1358643	36.52378082
680.1375122	38.17120361
680.1392212	39.82035446
680.1409302	41.39488602
680.1425781	42.82921219
680.1442871	44.21618271
680.1459961	45.48779297
680.1477051	46.63170242
680.149353	47.60319901
680.151062	48.46440125
680.152771	49.16799545
680.1544189	49.69041061
680.1561279	50.06488037
680.1578369	50.26515579
680.1594849	50.29134369
680.1611938	50.1451149
680.1629028	49.82390213
680.1646118	49.3310585
680.1662598	48.6981163
680.1679688	47.88476944
680.1696777	46.91985321
680.1713257	45.85499573
680.1730347	44.62200546
680.1747437	43.26989746
680.1763916	41.86540604
680.1781006	40.31771088
680.1798096	38.69113159
680.1814575	37.06134796
680.1831665	35.32167435
680.1848755	33.54567337
680.1865845	31.7473259
680.1882324	30.00464821
680.1899414	28.20101738
680.1916504	26.41293907
680.1932983	24.71389771
680.1950073	22.98792267
680.1967163	21.30759239
680.1983643	19.7380085
680.2000732	18.1695919
680.2017822	16.66724586
680.2034912	15.23558712
680.2051392	13.92532253
680.2068481	12.64180756
680.2085571	11.43642616
680.2102051	10.3486557
680.2119141	9.297681808
680.213623	8.324213982
680.215271	7.457370281
680.21698	6.630782127
680.218689	5.875190735
680.2203369	5.210927963
680.2220459	4.585471153
680.2237549	4.020978451
680.2254639	3.513651609
680.2271118	3.074944735
680.2288208	2.668561935
680.2305298	2.307793856
680.2321777	1.999539375
680.2338867	1.717369795
680.2355957	1.469867468
680.2372437	1.260860801
680.2389526	1.071758628
680.2406616	0.9078366756
680.2423706	0.7663015723
680.2440186	0.6486079097
680.2457275	0.5437405109
680.2474365	0.4542373121
680.2490845	0.3806502223
680.2507935	0.3158173561
680.2525024	0.2611130476
680.2541504	0.2166379392
680.2558594	0.1778882891
680.2575684	0.145560503
680.2592163	0.1195678785
680.2609253	0.09717011452
680.2626343	0.0786927864
680.2643433	0.06350702792
680.2659912	0.05147532374
680.2677002	0.04125816375
680.2694092	0.03295385838
680.2710571	0.0264456477
680.2727661	0.02097858489
680.2744751	0.01658382453
680.276123	0.0131766852
680.277832	0.01034527831
680.279541	0.008094047196
680.28125	0.006310690194
680.2828979	0.004947848618
680.2846069	0.003831404494
680.2863159	0.002956570592
680.2879639	0.002295133425
680.2896729	0.001759019797
680.2913818	0.001343456213
680.2930298	0.001032586675
680.2947388	0.0007832744159
680.2964478	0.0005920960684
680.2981567	0.0004460277851
680.2998047	0.0003382963187
680.3015137	0.0002531073987
680.3032227	0.0001887144608
680.3048706	0.0001417202147
680.3065796	0.0001049476195
680.3082886	7.744748291E-5
680.3099365	5.758761472E-5
680.3116455	4.220918345E-5
680.3133545	3.083046249E-5
680.3150024	2.269869219E-5
680.3167114	1.646719829E-5
680.3184204	1.190516468E-5
680.3201294	8.577257177E-6
680.3217773	6.231946827E-6
680.3234863	4.459504908E-6
680.3251953	3.180153726E-6
680.3268433	2.287875986E-6
680.3285522	1.620491958E-6
680.3302612	1.143830559E-6
680.3319092	8.148159623E-7
680.3336182	5.71255498E-7
680.3353271	3.991196422E-7
680.3370361	2.77893605E-7
680.3386841	1.953671784E-7
680.3403931	1.351100565E-7
680.3421021	9.311684579E-8
680.34375	6.482255088E-8
680.345459	4.437423584E-8
680.347168	3.027203732E-8
680.3488159	2.086747131E-8
680.3505249	1.413996742E-8
680.3522339	9.548489999E-9
680.3538818	6.517765883E-9
680.3555908	4.371763396E-9
680.3572998	2.922298847E-9
680.3590088	1.945951622E-9
680.3606567	1.286067919E-9
680.3623657	4.950340693E-10
680.3640747	3.286878547E-10
680.3657227	2.048719944E-10
680.3674316	6.307881301E-11
680.3691406	2.414251264E-11
680.3707886	1.531415793E-11
680.3724976	9.422886083E-12
680.3742065	6.238896552E-12
680.3759155	4.116210411E-12
680.3775635	1.647142167E-12
680.3792725	1.579575365E-13
680.3809814	8.844731588E-14
680.9489136	7.124637685E-12
680.9506226	1.188193294E-11
680.9523315	1.799933119E-11
680.9540405	2.716993991E-11
680.9556885	2.089655948E-10
680.9573975	4.283260413E-10
680.9591064	6.492941185E-10
680.9607544	9.800720235E-10
680.9624634	1.473542288E-9
680.9641724	2.211134165E-9
680.9658203	3.264397863E-9
680.9675293	4.85528151E-9
680.9692383	7.196154339E-9
680.9708862	1.048185005E-8
680.9725952	1.542865213E-8
680.9743042	2.263046994E-8
680.9760132	3.307765439E-8
680.9776611	4.753843186E-8
680.9793701	6.900666705E-8
680.9810791	9.981890514E-8
680.9827271	1.420250015E-7
680.984436	2.040284954E-7
680.986145	2.92073679E-7
680.987793	4.114199612E-7
680.989502	5.849125273E-7
680.9912109	8.286505704E-7
680.9929199	1.169840971E-6
680.9945679	1.625881282E-6
680.9962769	2.279543651E-6
680.9979858	3.184793968E-6
680.9996338	4.382109182E-6
681.0013428	6.080228559E-6
681.0030518	8.406807865E-6
681.0046997	1.145174792E-5
681.0064087	1.572482506E-5
681.0081177	2.151661465E-5
681.0097656	2.901702828E-5
681.0114746	3.943155752E-5
681.0131836	5.339595373E-5
681.0148926	7.205213478E-5
681.0165405	9.587209934E-5
681.0182495	0.0001284792525
681.0199585	0.000171572392
681.0216064	0.0002260111942
681.0233154	0.0002997409028
681.0250244	0.0003961283655
681.0266724	0.0005166011397
681.0283813	0.000678026001
681.0300903	0.0008867701399
681.0317993	0.001155711012
681.0334473	0.001487075002
681.0351563	0.001924740034
681.0368652	0.002482474083
681.0385132	0.003162309062
681.0402222	0.00405058451
681.0419312	0.00517016463
681.0435791	0.006520180032
681.0452881	0.008265078999
681.0469971	0.01044016611
681.048645	0.01303461008
681.050354	0.01635155268
681.052063	0.02044057101
681.053772	0.02546242625
681.0554199	0.03136555851
681.0571289	0.03880255297
681.0588379	0.04783439264
681.0604858	0.05833490193
681.0621948	0.07141818106
681.0639038	0.08712883294
681.0655518	0.1051925123
681.0672607	0.1274494529
681.0689697	0.1538736075
681.0706787	0.185124144
681.0723267	0.2205198556
681.0740356	0.2634793818
681.0757446	0.3137028217
681.0773926	0.3699453175
681.0791016	0.4374307096
681.0808105	0.5154111981
681.0824585	0.6017380953
681.0841675	0.704128623
681.0858765	0.8210495114
681.0875244	0.9489811063
681.0892334	1.098942518
681.0909424	1.268133759
681.0926514	1.458236694
681.0942993	1.66294539
681.0960083	1.899070621
681.0977173	2.161111116
681.0993652	2.439842939
681.1010742	2.757389069
681.1027832	3.105325937
681.1044312	3.470777273
681.1061401	3.881827354
681.1078491	4.326320171
681.1095581	4.804785728
681.1112061	5.298541546
681.112915	5.844028473
681.114624	6.423050404
681.116272	7.012276649
681.117981	7.654006958
681.1196899	8.325147629
681.1213379	8.99798584
681.1230469	9.719622612
681.1247559	10.4622879
681.1264038	11.1947937
681.1281128	11.96726131
681.1298218	12.74813843
681.1315308	13.53232574
681.1331787	14.28651905
681.1348877	15.06099319
681.1365967	15.82174587
681.1382446	16.53657341
681.1399536	17.25235367
681.1416626	17.93597794
681.1433105	18.55895996
681.1450195	19.16164017
681.1467285	19.71449852
681.1484375	20.21216774
681.1500854	20.63517952
681.1517944	21.01059341
681.1535034	21.31781006
681.1551514	21.54650879
681.1568604	21.71123695
681.1585693	21.80051041
681.1602173	21.8142662
681.1619263	21.75337219
681.1636353	21.61659431
681.1652832	21.41418076
681.1669922	21.13326263
681.1687012	20.78292274
681.1704102	20.36675835
681.1720581	19.90704536
681.1737671	19.37434769
681.1754761	18.78982544
681.177124	18.18234062
681.178833	17.51262093
681.180542	16.80846977
681.1821899	16.10268402
681.1838989	15.34904575
681.1856079	14.57944012
681.1873169	13.7999115
681.1889648	13.04430676
681.1906738	12.26206493
681.1923828	11.48636913
681.1940308	10.74911308
681.1957397	9.999991417
681.1974487	9.270505905
681.1990967	8.588942528
681.2008057	7.907734394
681.2025146	7.255071163
681.2042236	6.632978916
681.2058716	6.063511848
681.2075806	5.505550861
681.2092896	4.981442928
681.2109375	4.50837183
681.2126465	4.051207066
681.2143555	3.627666712
681.2160034	3.250439167
681.2177124	2.890654325
681.2194214	2.561704874
681.2210693	2.2724545
681.2227783	2.000046492
681.2244873	1.754140019
681.2261963	1.533089876
681.2278442	1.341899872
681.2295532	1.164761186
681.2312622	1.007472754
681.2329102	0.8730524778
681.2346191	0.7499825954
681.2363281	0.6420106292
681.2379761	0.5508141518
681.2396851	0.4682862759
681.241394	0.3967331648
681.243103	0.3349396288
681.244751	0.2835451961
681.24646	0.2377425581
681.2481689	0.1986429244
681.2498169	0.1664900333
681.2515259	0.1381567568
681.2532349	0.1142452359
681.2548828	0.09480126947
681.2565918	0.07785722613
681.2583008	0.06371858716
681.2599487	0.05234857649
681.2616577	0.04254927859
681.2633667	0.03446374834
681.2650757	0.02781738527
681.2667236	0.02255054563
681.2684326	0.01807723753
681.2701416	0.01444080286
681.2717896	0.01159039885
681.2734985	0.009195599705
681.2752075	0.007270201575
681.2768555	0.005777259357
681.2785645	0.004536406137
681.2802734	0.003549663816
681.2819824	0.002767883707
681.2836304	0.002170365304
681.2853394	0.001680811634
681.2870483	0.001297152601
681.2886963	0.001007043989
681.2904053	0.0007718756679
681.2921143	0.0005895667709
681.2937622	0.0004531734448
681.2954712	0.0003437776759
681.2971802	0.0002598833235
681.2988281	0.0001977815846
681.3005371	0.0001484963577
681.3022461	0.0001111049569
681.3039551	8.283985517E-5
681.305603	6.221096555E-5
681.307312	4.606848597E-5
681.309021	3.399612979E-5
681.3106689	2.527769357E-5
681.3123779	1.852657806E-5
681.3140869	1.353139032E-5
681.3157349	9.961680007E-6
681.3174438	7.226252819E-6
681.3191528	5.223768767E-6
681.3208618	3.763093446E-6
681.3225098	2.733780548E-6
681.3242188	1.95595976E-6
681.3259277	1.394592005E-6
681.3275757	1.003118086E-6
681.3292847	7.103555504E-7
681.3309937	5.012923907E-7
681.3326416	3.57013306E-7
681.3343506	2.502288794E-7
681.3360596	1.747763747E-7
681.3377075	1.232440781E-7
681.3394165	8.549687891E-8
681.3411255	5.910543166E-8
681.3428345	4.071902993E-8
681.3444824	2.833481538E-8
681.3461914	1.938791527E-8
681.3479004	1.322012455E-8
681.3495483	9.108621413E-9
681.3512573	6.168773936E-9
681.3529663	4.163316802E-9
681.3546143	2.840224278E-9
681.3563232	1.899123747E-9
681.3580322	1.267987382E-9
681.3597412	8.441432553E-10
681.3613892	5.683326587E-10
681.3630981	2.635006657E-10
681.3648071	1.021700224E-10
681.3664551	6.787440054E-11
681.3681641	3.458200046E-11
681.369873	2.231948827E-11
681.371521	1.190322146E-11
681.37323	1.893885846E-13
681.374939	1.015507326E-13
681.3765869	4.961721138E-14
681.3782959	3.291743505E-14
681.3800049	2.176122679E-14
681.3817139	1.433522456E-14
681.3833618	3.062839797E-15
681.953064	1.042801609E-11
681.9547119	2.740364879E-11
681.9564209	4.156578554E-11
681.9581299	6.301328209E-11
681.9598389	1.058160365E-10
681.9614868	2.132303362E-10
681.9631958	3.209841837E-10
681.9649048	4.820553956E-10
681.9665527	7.121460643E-10
681.9682617	1.060106669E-9
681.9699707	1.572255215E-9
681.9716187	2.291583812E-9
681.9733276	3.375333346E-9
681.9750366	4.954341382E-9
681.9767456	7.246747646E-9
681.9783936	1.042246112E-8
681.9801025	1.514112924E-8
681.9818115	2.191968385E-8
681.9834595	3.1213375E-8
681.9851685	4.487949568E-8
681.9868774	6.430488497E-8
681.9885254	9.066310014E-8
681.9902344	1.290203073E-7
681.9919434	1.829677672E-7
681.9935913	2.554122318E-7
681.9953003	3.597412785E-7
681.9970093	5.049262199E-7
681.9987183	7.062442933E-7
682.0003662	9.728516943E-7
682.0020752	1.351470019E-6
682.0037842	1.870919959E-6
682.0054321	2.551697435E-6
682.0071411	3.508416512E-6
682.0088501	4.807095138E-6
682.010498	6.491410659E-6
682.012207	8.833727406E-6
682.013916	1.197949859E-5
682.015625	1.618911301E-5
682.0172729	2.157279596E-5
682.0189819	2.895505713E-5
682.0206909	3.872865273E-5
682.0223389	5.10974387E-5
682.0240479	6.78798533E-5
682.0257568	8.986127796E-5
682.0274048	0.0001173878409
682.0291138	0.000154343652
682.0308228	0.0002022295812
682.0324707	0.000261564739
682.0341797	0.0003403838782
682.0358887	0.000441416807
682.0375977	0.0005704519572
682.0392456	0.0007280842401
682.0409546	0.0009345139842
682.0426636	0.001195308869
682.0443115	0.001510521397
682.0460205	0.001918912865
682.0477295	0.00242925901
682.0493774	0.00303951744
682.0510864	0.003821705002
682.0527954	0.004788503516
682.0545044	0.005979054142
682.0561523	0.007382289506
682.0578613	0.009154985659
682.0595703	0.01131394599
682.0612183	0.01383108832
682.0629272	0.01697644033
682.0646362	0.02076474577
682.0662842	0.02513344772
682.0679932	0.03053273819
682.0697021	0.03696315736
682.0714111	0.04459251836
682.0730591	0.05326158553
682.0747681	0.06381755322
682.0764771	0.0762001425
682.078125	0.09011358768
682.079834	0.1068658084
682.081543	0.1262921989
682.0831909	0.1478743702
682.0848999	0.1735653728
682.0866089	0.203012377
682.0882568	0.2353532612
682.0899658	0.2734082043
682.0916748	0.3165132701
682.0933838	0.3651414514
682.0950317	0.4177171886
682.0967407	0.4786112607
682.0984497	0.5464773774
682.1000977	0.6189751029
682.1018066	0.7019292712
682.1035156	0.7932351232
682.1051636	0.8895738125
682.1068726	0.9984378219
682.1085815	1.116729498
682.1102905	1.244695425
682.1119385	1.377410412
682.1136475	1.524783254
682.1153564	1.68205595
682.1170044	1.842968822
682.1187134	2.019200325
682.1204224	2.204592466
682.1220703	2.391564846
682.1237793	2.593340158
682.1254883	2.802359343
682.1271362	3.009907007
682.1288452	3.230318546
682.1305542	3.454811335
682.1322632	3.682052851
682.1339111	3.902422428
682.1356201	4.130731106
682.1373291	4.357182503
682.1389771	4.572178841
682.140686	4.789921284
682.142395	5.000570297
682.144043	5.195281506
682.145752	5.3867383
682.1474609	5.565805912
682.1491699	5.730807781
682.1508179	5.875112057
682.1525269	6.007980347
682.1542358	6.122461796
682.1558838	6.214354992
682.1575928	6.289519787
682.1593018	6.34342432
682.1609497	6.374739647
682.1626587	6.385457039
682.1643677	6.373909473
682.1660156	6.341795921
682.1677246	6.287075043
682.1694336	6.211106777
682.1711426	6.114673138
682.1727905	6.003219604
682.1744995	5.8696208
682.1762085	5.71899128
682.1778564	5.558987141
682.1795654	5.379300117
682.1812744	5.187273026
682.1829224	4.9920578
682.1846313	4.780936241
682.1863403	4.562776566
682.1880493	4.339384556
682.1896973	4.120676041
682.1914063	3.892123222
682.1931152	3.663421869
682.1947632	3.444205761
682.1964722	3.219644547
682.1981812	2.999222994
682.1998291	2.79171896
682.2015381	2.582797289
682.2032471	2.38117075
682.204895	2.194387436
682.206604	2.009234428
682.208313	1.833281755
682.210022	1.666897893
682.2116699	1.515744209
682.2133789	1.368742585
682.2150879	1.231682062
682.2167358	1.108850718
682.2184448	0.9909814
682.2201538	0.8825480342
682.2218018	0.7866283059
682.2235107	0.6957566738
682.2252197	0.6132327318
682.2269287	0.538608849
682.2285767	0.4736904204
682.2302856	0.4131967127
682.2319946	0.359169066
682.2336426	0.3127337098
682.2353516	0.2699792087
682.2370605	0.2322551757
682.2387085	0.2002142072
682.2404175	0.1710578054
682.2421265	0.1456365287
682.2437744	0.1242947131
682.2454834	0.1050975248
682.2471924	0.08855461329
682.2489014	0.07435476035
682.2505493	0.06261471659
682.2522583	0.05221385881
682.2539673	0.04338839278
682.2556152	0.03617366776
682.2573242	0.02985325642
682.2590332	0.02455100603
682.2606812	0.02026462369
682.2623901	0.01655110344
682.2640991	0.01347080059
682.2658081	0.01092541777
682.2674561	0.008897940628
682.269165	0.007167112082
682.270874	0.005752767436
682.272522	0.004638496786
682.274231	0.003697596956
682.2759399	0.002937240992
682.2775879	0.002344706096
682.2792969	0.00184977008
682.2810059	0.001454201527
682.2826538	0.001149268355
682.2843628	0.0008972991491
682.2860718	0.0006981206825
682.2877808	0.0005412535393
682.2894287	0.0004220621777
682.2911377	0.0003249790752
682.2928467	0.0002493510838
682.2944946	0.0001925012475
682.2962036	0.0001466891408
682.2979126	0.000111388239
682.2995605	8.513495413E-5
682.3012695	6.420327554E-5
682.3029785	4.824841017E-5
682.3046875	3.613148147E-5
682.3063354	2.724779006E-5
682.3080444	2.026476068E-5
682.3097534	1.501856605E-5
682.3114014	1.121293826E-5
682.3131104	8.253041415E-6
682.3148193	6.053198831E-6
682.3164673	4.474257821E-6
682.3181763	3.259111963E-6
682.3198853	2.365668252E-6
682.3215332	1.731150178E-6
682.3232422	1.247947466E-6
682.3249512	8.96466986E-7
682.3266602	6.417244549E-7
682.3283081	4.633453443E-7
682.3300171	3.294019848E-7
682.3317261	2.333584064E-7
682.333374	1.668107359E-7
682.335083	1.17362184E-7
682.336792	8.228271042E-8
682.3384399	5.823088856E-8
682.3401489	4.054531999E-8
682.3418579	2.813219879E-8
682.3435669	1.945104344E-8
682.3452148	1.358195867E-8
682.3469238	9.326278416E-9
682.3486328	6.381613904E-9
682.3502808	4.411578658E-9
682.3519897	2.997940785E-9
682.3536987	2.030147606E-9
682.3553467	1.389424797E-9
682.3570557	9.344292007E-10
682.3587646	6.262293462E-10
682.3604736	4.114769914E-10
682.3621216	2.700912827E-10
682.3638306	1.792638815E-10
682.3655396	1.184385784E-10
682.3671875	7.207740654E-11
682.3688965	9.749275172E-12
682.3706055	6.176495947E-12
682.3722534	3.376224213E-12
682.3739624	4.976884248E-13
682.3756714	1.313472443E-13
682.3773193	3.237578459E-14
682.9503784	7.596396792E-14
682.9520874	3.005122193E-13
682.9537964	4.560811906E-13
682.9554443	1.616258776E-12
682.9571533	2.714328545E-12
682.9588623	1.288669865E-11
682.9605713	1.955140563E-11
682.9622192	3.647271374E-11
682.9639282	5.800445887E-11
682.9656372	8.730872275E-11
682.9672852	1.290918067E-10
682.9689941	1.927437515E-10
682.9707031	2.870008675E-10
682.9723511	4.195873093E-10
682.9740601	6.199802338E-10
682.975769	9.128803824E-10
682.977478	1.339463651E-9
682.979126	1.932241256E-9
682.980835	2.815745193E-9
682.9825439	4.088892336E-9
682.9841919	5.839730477E-9
682.9859009	8.422095021E-9
682.9876099	1.210395428E-8
682.9892578	1.711473452E-8
682.9909668	2.442821589E-8
682.9926758	3.474509924E-8
682.9943237	4.863976244E-8
682.9960327	6.870799751E-8
682.9977417	9.671695267E-8
682.9994507	1.356681736E-7
683.0010986	1.873975606E-7
683.0028076	2.610674983E-7
683.0045166	3.62427528E-7
683.0061646	4.956342536E-7
683.0078735	6.833492989E-7
683.0095825	9.388656395E-7
683.0112305	1.271150154E-6
683.0129395	1.734484385E-6
683.0146484	2.358430038E-6
683.0163574	3.195618547E-6
683.0180054	4.269082638E-6
683.0197144	5.744851023E-6
683.0214233	7.703744814E-6
683.0230713	1.018904823E-5
683.0247803	1.356966095E-5
683.0264893	1.800872087E-5
683.0281372	2.358122401E-5
683.0298462	3.108076999E-5
683.0315552	4.082217856E-5
683.0332031	5.292134301E-5
683.0349121	6.903137546E-5
683.0366211	8.973061631E-5
683.0383301	0.0001162287081
683.039978	0.0001486728142
683.041687	0.0001912560401
683.043396	0.0002451755863
683.0450439	0.0003104885691
683.0467529	0.0003952921834
683.0484619	0.0005014979397
683.0501099	0.0006287639262
683.0518188	0.0007922256482
683.0535278	0.0009946913924
683.0552368	0.001244530664
683.0568848	0.001539592398
683.0585938	0.001913080923
683.0603027	0.002368855756
683.0619507	0.002901268192
683.0636597	0.003567822278
683.0653687	0.004372160416
683.0670166	0.005301443394
683.0687256	0.00645203609
683.0704346	0.007824869826
683.0720825	0.009393415414
683.0737915	0.01131392363
683.0755005	0.01357940026
683.0772095	0.01624147408
683.0788574	0.01923763566
683.0805664	0.02285102941
683.0822754	0.02704812586
683.0839233	0.03171839565
683.0856323	0.0372865051
683.0873413	0.04367867485
683.0889893	0.05070968717
683.0906982	0.05899532139
683.0924072	0.06839454174
683.0941162	0.07901370525
683.0957642	0.09051128477
683.0974731	0.1038466319
683.0991821	0.1187296808
683.1008301	0.1346500218
683.1025391	0.1528909504
683.104248	0.1729952395
683.105896	0.1942352206
683.107605	0.2182673663
683.109314	0.2444142699
683.1109619	0.2716858387
683.1126709	0.3021433055
683.1143799	0.3348389566
683.1160889	0.3697735071
683.1177368	0.4055588543
683.1194458	0.4447969198
683.1211548	0.4861234426
683.1228027	0.5278503299
683.1245117	0.5729327798
683.1262207	0.6196882725
683.1278687	0.6661676764
683.1295776	0.7155848145
683.1312866	0.7659766078
683.1329956	0.8170461655
683.1346436	0.8666303754
683.1363525	0.9180639386
683.1380615	0.9691447616
683.1397095	1.017704725
683.1414185	1.066952944
683.1431274	1.114667892
683.1447754	1.158842564
683.1464844	1.202354074
683.1481934	1.243131161
683.1498413	1.279503942
683.1515503	1.313814402
683.1532593	1.34432137
683.1549683	1.37071991
683.1566162	1.392034888
683.1583252	1.409625053
683.1600342	1.42243886
683.1616821	1.430146933
683.1633911	1.433238626
683.1651001	1.431307554
683.166748	1.424707413
683.168457	1.413018703
683.170166	1.396518826
683.171875	1.375378847
683.1735229	1.350802422
683.1752319	1.32122004
683.1769409	1.287760854
683.1785889	1.252132893
683.1802979	1.212043881
683.1820068	1.169130087
683.1836548	1.125444055
683.1853638	1.078143239
683.1870728	1.029213905
683.1887207	0.9808727503
683.1904297	0.9299291372
683.1921387	0.878544569
683.1938477	0.8270933628
683.1954956	0.7777478695
683.1972046	0.7271728516
683.1989136	0.6775063276
683.2005615	0.6307305098
683.2022705	0.5836167336
683.2039795	0.5381316543
683.2056274	0.4959813952
683.2073364	0.4541867375
683.2090454	0.4144580364
683.2107544	0.3768804073
683.2124023	0.3427349925
683.2141113	0.3095208704
683.2158203	0.2785470188
683.2174683	0.2507842779
683.2191772	0.2241390347
683.2208862	0.1996235698
683.2225342	0.1779347062
683.2242432	0.1573851556
683.2259521	0.13872163
683.2276611	0.1218433604
683.2293091	0.1071592495
683.2310181	0.09347521514
683.2327271	0.08125320822
683.234375	0.07074831426
683.236084	0.06107582897
683.237793	0.05254122987
683.2394409	0.04529223964
683.2411499	0.03869581968
683.2428589	0.03294442594
683.2445068	0.02811602131
683.2462158	0.02377285995
683.2479248	0.02003026754
683.2496338	0.01681782305
683.2512817	0.01416193414
683.2529907	0.01180907153
683.2546997	0.009812660515
683.2563477	0.008180669509
683.2580566	0.006751031149
683.2597656	0.005551746581
683.2614136	0.004582275171
683.2631226	0.003742408939
683.2648315	0.003045786172
683.2665405	0.002470164793
683.2681885	0.002011686796
683.2698975	0.001620308962
683.2716064	0.001300510252
683.2732544	0.001048573526
683.2749634	0.0008358457708
683.2766724	0.0006639449275
683.2783203	0.000529990939
683.2800293	0.0004181055701
683.2817383	0.0003286869032
683.2833862	0.0002597589337
683.2850952	0.000202805124
683.2868042	0.0001577852963
683.2885132	0.000122330006
683.2901611	9.53908675E-5
683.2918701	7.344902406E-5
683.2935791	5.635655543E-5
683.2952271	4.350822201E-5
683.296936	3.315451613E-5
683.298645	2.517641587E-5
683.300293	1.924307435E-5
683.302002	1.451238677E-5
683.3037109	1.090643582E-5
683.3054199	8.167832675E-6
683.3070679	6.159930308E-6
683.3087769	4.581563189E-6
683.3104858	3.395718295E-6
683.3121338	2.535455224E-6
683.3138428	1.866330535E-6
683.3155518	1.368993253E-6
683.3171997	1.012002599E-6
683.3189087	7.372410096E-7
683.3206177	5.352022185E-7
683.3222656	3.917010929E-7
683.3239746	2.824091041E-7
683.3256836	2.029006083E-7
683.3273926	1.452677338E-7
683.3290405	1.049056095E-7
683.3307495	7.45934372E-8
683.3324585	5.285471971E-8
683.3341064	3.77895546E-8
683.3358154	2.659325915E-8
683.3375244	1.864889576E-8
683.3391724	1.320080756E-8
683.3408813	9.193888317E-9
683.3425903	6.38086961E-9
683.3442993	4.413083232E-9
683.3459473	3.082378131E-9
683.3476563	2.117222619E-9
683.3493652	1.449203424E-9
683.3510132	1.002154471E-9
683.3527222	6.812652109E-10
683.3544312	4.61509192E-10
683.3560791	3.159713602E-10
683.3577881	2.125337684E-10
683.3594971	1.42370879E-10
683.361145	9.650778093E-11
683.362854	6.363928828E-11
683.364563	4.205730555E-11
683.366272	2.213971541E-11
683.3679199	1.482369089E-11
683.3696289	4.840898949E-12
683.3713379	1.237987143E-12
683.3729858	7.539423187E-13
683.3746948	3.825281563E-13
683.3764038	2.422561121E-13
683.9528198	1.078463423E-13
683.9545288	1.840971901E-13
683.9561768	2.748064905E-13
683.9578857	4.148969579E-13
683.9595947	1.952443632E-12
683.9613037	3.922809994E-12
683.9629517	5.848893852E-12
683.9646606	8.834359459E-12
683.9663696	1.357608557E-11
683.9680176	2.091730435E-11
683.9697266	3.121022885E-11
683.9714355	4.640216683E-11
683.9730835	6.77947698E-11
683.9747925	1.00107804E-10
683.9765015	1.473082628E-10
683.9781494	2.130901844E-10
683.9798584	3.114246638E-10
683.9815674	4.535554432E-10
683.9832764	6.582578926E-10
683.9849243	9.396209366E-10
683.9866333	1.354404366E-9
683.9883423	1.94550176E-9
683.9899902	2.749577011E-9
683.9916992	3.922646208E-9
683.9934082	5.576739071E-9
683.9950562	7.803555135E-9
683.9967651	1.10185292E-8
683.9984741	1.550394657E-8
684.0001831	2.173947422E-8
684.0018311	3.001790461E-8
684.00354	4.180389013E-8
684.005249	5.801508962E-8
684.006897	7.931404156E-8
684.008606	1.093210855E-7
684.0103149	1.501569216E-7
684.0119629	2.032506643E-7
684.0136719	2.77270118E-7
684.0153809	3.769310979E-7
684.0170288	5.051566063E-7
684.0187378	6.820473573E-7
684.0204468	9.176792446E-7
684.0221558	1.230425141E-6
684.0238037	1.627190727E-6
684.0255127	2.166867262E-6
684.0272217	2.875503696E-6
684.0288696	3.765083875E-6
684.0305786	4.962333151E-6
684.0322876	6.517558177E-6
684.0339355	8.449352208E-6
684.0356445	1.10217934E-5
684.0373535	1.432745375E-5
684.0390625	1.855981645E-5
684.0407104	2.374279211E-5
684.0424194	3.054683475E-5
684.0441284	3.916415517E-5
684.0457764	4.960491788E-5
684.0474854	6.31650837E-5
684.0491943	8.015257481E-5
684.0508423	0.0001005152153
684.0525513	0.0001266782929
684.0542603	0.0001590965985
684.0559082	0.0001975392515
684.0576172	0.0002464008576
684.0593262	0.0003062804462
684.0610352	0.0003793887736
684.0626831	0.0004648337781
684.0643921	0.0005718648317
684.0661011	0.0007010957925
684.067749	0.0008504909347
684.069458	0.001035581692
684.071167	0.001256572083
684.0728149	0.00150924176
684.0745239	0.001818833058
684.0762329	0.002184315585
684.0779419	0.002614124911
684.0795898	0.003098275047
684.0812988	0.003682665061
684.0830078	0.004362075124
684.0846558	0.005118783563
684.0863647	0.006021839101
684.0880737	0.007059604395
684.0897217	0.008202273399
684.0914307	0.009550306015
684.0931396	0.01108125877
684.0947876	0.01274746377
684.0964966	0.01469019987
684.0982056	0.01687021554
684.0999146	0.01930646598
684.1015625	0.02191602252
684.1032715	0.02491014451
684.1049805	0.02821499854
684.1066284	0.03171179444
684.1083374	0.03567444533
684.1100464	0.03999292105
684.1116943	0.04450471327
684.1134033	0.04955241829
684.1151123	0.05498107523
684.1168213	0.0607926771
684.1184692	0.06675755978
684.1201782	0.07331145555
684.1218872	0.08022930473
684.1235352	0.08722989261
684.1252441	0.09481131285
684.1269531	0.1026939899
684.1286011	0.1105505526
684.1303101	0.1189267933
684.132019	0.1274936348
684.133728	0.1362032443
684.135376	0.1446876824
684.137085	0.1535199732
684.1387939	0.1623261273
684.1404419	0.1707328856
684.1421509	0.1792979538
684.1438599	0.1876394004
684.1455078	0.1954059154
684.1472168	0.2031053007
684.1489258	0.2103755921
684.1505737	0.2169174254
684.1522827	0.2231534719
684.1539917	0.2287724018
684.1557007	0.2337191254
684.1573486	0.2378065586
684.1590576	0.2412959039
684.1607666	0.2439871281
684.1624146	0.2458004504
684.1641235	0.2468512505
684.1658325	0.2470466495
684.1674805	0.2464229614
684.1691895	0.2449405193
684.1708984	0.2426226288
684.1726074	0.2394930124
684.1742554	0.2357365042
684.1759644	0.2311131507
684.1776733	0.2257945985
684.1793213	0.2200566977
684.1810303	0.2135304511
684.1827393	0.206479162
684.1843872	0.1992436945
684.1860962	0.1913539022
684.1878052	0.1831392348
684.1894531	0.1749754697
684.1911621	0.1663250625
684.1928711	0.1575540006
684.1945801	0.1487279534
684.196228	0.1402236074
684.197937	0.1314682215
684.199646	0.1228320599
684.2012939	0.114664197
684.2030029	0.1064033657
684.2047119	0.09839525819
684.2063599	0.09094478935
684.2080688	0.0835281983
684.2097778	0.07645040751
684.2114868	0.06972969323
684.2131348	0.06359955668
684.2148438	0.05761405826
684.2165527	0.05201086402
684.2182007	0.04696968943
684.2199097	0.04211332649
684.2216187	0.03762812912
684.2232666	0.03364522383
684.2249756	0.02985744551
684.2266846	0.02640419826
684.2283325	0.0233760234
684.2300415	0.02053179406
684.2317505	0.0179710798
684.2334595	0.01567517594
684.2351074	0.01369435154
684.2368164	0.01186356787
684.2385254	0.0102418866
684.2401733	0.00885921251
684.2418823	0.007596178446
684.2435913	0.006490614265
684.2452393	0.005558871664
684.2469482	0.004717504606
684.2486572	0.00398959266
684.2503662	0.00336228963
684.2520142	0.002841615817
684.2537231	0.00237851846
684.2554321	0.001983982744
684.2570801	0.001660169568
684.2587891	0.001375365187
684.260498	0.001135464176
684.262146	0.0009407448233
684.263855	0.0007713668747
684.265564	0.0006302893162
684.2672119	0.0005170365912
684.2689209	0.0004195980146
684.2706299	0.0003393399529
684.2723389	0.0002734802838
684.2739868	0.0002213772532
684.2756958	0.0001771970274
684.2774048	0.0001413412974
684.2790527	0.000113281043
684.2807617	8.974323282E-5
684.2824707	7.084920799E-5
684.2841187	5.622165554E-5
684.2858276	4.40826916E-5
684.2875366	3.444460526E-5
684.2892456	2.682023478E-5
684.2908936	2.100162965E-5
684.2926025	1.624145079E-5
684.2943115	1.251655249E-5
684.2959595	9.704056538E-6
684.2976685	7.427504443E-6
684.2993774	5.665263416E-6
684.3010254	4.348764833E-6
684.3027344	3.29436898E-6
684.3044434	2.486943458E-6
684.3060913	1.89011314E-6
684.3078003	1.417129852E-6
684.3095093	1.058810994E-6
684.3112183	7.883408557E-7
684.3128662	5.912232837E-7
684.3145752	4.371941316E-7
684.3162842	3.221688871E-7
684.3179321	2.392184228E-7
684.3196411	1.750775311E-7
684.3213501	1.276885797E-7
684.322998	9.387183297E-8
684.324707	6.79959129E-8
684.326416	4.908124751E-8
684.328125	3.530480797E-8
684.3297729	2.561105994E-8
684.3314819	1.829659979E-8
684.3331909	1.302561703E-8
684.3348389	9.355379582E-9
684.3365479	6.614743864E-9
684.3382568	4.660676289E-9
684.3399048	3.314212238E-9
684.3416138	2.319204384E-9
684.3433228	1.617267986E-9
684.3449707	1.13862364E-9
684.3466797	7.885790354E-10
684.3483887	5.442438167E-10
684.3500977	3.743047816E-10
684.3517456	2.600320237E-10
684.3534546	1.776149505E-10
684.3551636	1.208969314E-10
684.3568115	8.315350492E-11
684.3585205	5.621294055E-11
684.3602295	3.779637714E-11
684.3618774	2.572619201E-11
684.3635864	1.721310074E-11
684.3652954	1.147688281E-11
684.3670044	6.767604706E-12
684.3686523	3.919707007E-12
684.3703613	2.589452741E-12
684.3720703	1.690382534E-12
684.3737183	9.178323249E-13
684.3754272	2.834354565E-15
684.9569092	1.215633988E-14
684.9586182	3.686563519E-14
684.9603271	5.592705796E-14
684.9619751	8.331125367E-14
684.9636841	1.713199894E-13
684.9653931	5.628959755E-13
684.9671021	8.505372513E-13
684.96875	1.262180464E-12
684.970459	1.894135239E-12
684.972168	2.832601775E-12
684.9738159	4.161812388E-12
684.9755249	6.181309371E-12
684.9772339	9.148769416E-12
684.9788818	1.330847064E-11
684.9805908	1.956289818E-11
684.9822998	2.865642272E-11
684.9840088	4.183071597E-11
684.9856567	6.004340081E-11
684.9873657	8.70482228E-11
684.9890747	1.257587784E-10
684.9907227	1.787204829E-10
684.9924316	2.564328749E-10
684.9941406	3.666536519E-10
684.9957886	5.158889427E-10
684.9974976	7.325861584E-10
684.9992065	1.036678743E-9
685.0009155	1.461882393E-9
685.0025635	2.029609369E-9
685.0042725	2.842493352E-9
685.0059814	3.96706179E-9
685.0076294	5.452934104E-9
685.0093384	7.558191406E-9
685.0110474	1.043968911E-8
685.0126953	1.420722917E-8
685.0144043	1.948930084E-8
685.0161133	2.664184962E-8
685.0177612	3.589594755E-8
685.0194702	4.873379922E-8
685.0211792	6.593194968E-8
685.0228882	8.888785885E-8
685.0245361	1.181724727E-7
685.0262451	1.582262286E-7
685.0279541	2.111158466E-7
685.0296021	2.778759551E-7
685.031311	3.682204976E-7
685.03302	4.862335459E-7
685.034668	6.336217098E-7
685.036377	8.309607438E-7
685.0380859	1.085951908E-6
685.0397949	1.41423061E-6
685.0414429	1.818413352E-6
685.0431519	2.351877129E-6
685.0448608	3.031208507E-6
685.0465088	3.858693617E-6
685.0482178	4.939158771E-6
685.0499268	6.300055247E-6
685.0515747	7.939985153E-6
685.0532837	1.00582356E-5
685.0549927	1.269702898E-5
685.0566406	1.584262827E-5
685.0583496	1.986174721E-5
685.0600586	2.481335105E-5
685.0617676	3.089091115E-5
685.0634155	3.803084837E-5
685.0651245	4.702084334E-5
685.0668335	5.793242235E-5
685.0684814	7.061123324E-5
685.0701904	8.639991574E-5
685.0718994	0.0001053487576
685.0735474	0.0001271239162
685.0752563	0.0001539396762
685.0769653	0.0001857591997
685.0786743	0.0002233706182
685.0803223	0.0002659491729
685.0820313	0.000317600061
685.0837402	0.00037795346
685.0853882	0.0004455063026
685.0870972	0.0005265225191
685.0888062	0.0006200908683
685.0904541	0.0007236233796
685.0921631	0.0008463609847
685.0938721	0.0009864467429
685.09552	0.001139650005
685.097229	0.001319147646
685.098938	0.001521562575
685.100647	0.001748882351
685.1022949	0.001993547892
685.1040039	0.002275623381
685.1057129	0.002588499803
685.1073608	0.002921139821
685.1090698	0.003299910808
685.1107788	0.003714717226
685.1124268	0.004150181077
685.1141357	0.004639722407
685.1158447	0.005168806296
685.1175537	0.005738014355
685.1192017	0.00632508751
685.1209106	0.006973301526
685.1226196	0.007660959847
685.1242676	0.008360316046
685.1259766	0.009121521376
685.1276855	0.00991709251
685.1293335	0.01071414631
685.1310425	0.01156841405
685.1327515	0.01244692784
685.1343994	0.01331276167
685.1361084	0.01422509085
685.1378174	0.01514654979
685.1395264	0.01607104577
685.1411743	0.01695930772
685.1428833	0.01787048019
685.1445923	0.0187644437
685.1462402	0.01960334927
685.1479492	0.02044216357
685.1496582	0.02124195732
685.1513062	0.02196943015
685.1530151	0.02267163806
685.1547241	0.02331405692
685.1564331	0.02389040031
685.1580811	0.02437821217
685.15979	0.0248086527
685.161499	0.02515793033
685.163147	0.02541447058
685.164856	0.02559457719
685.1665649	0.02568532154
685.1682129	0.0256872829
685.1699219	0.02560057864
685.1716309	0.02542443387
685.1732788	0.02517159097
685.1749878	0.02482597157
685.1766968	0.02439896576
685.1784058	0.02389494888
685.1800537	0.02334076352
685.1817627	0.02270090394
685.1834717	0.02200090513
685.1851196	0.02127521485
685.1868286	0.02047690377
685.1885376	0.01963919215
685.1901855	0.01880099438
685.1918945	0.01790740341
685.1936035	0.01699625328
685.1953125	0.01607468538
685.1969604	0.01518259943
685.1986694	0.0142602548
685.2003784	0.01334679127
685.2020264	0.0124796601
685.2037354	0.01159962174
685.2054443	0.01074368227
685.2070923	0.009944905527
685.2088013	0.009147468954
685.2105103	0.008384348825
685.2121582	0.007683124859
685.2138672	0.006993535906
685.2155762	0.006343422458
685.2172852	0.005733478349
685.2189331	0.005183578003
685.2206421	0.004652798176
685.2223511	0.004161658697
685.223999	0.003724754089
685.225708	0.003308563493
685.227417	0.002928524045
685.2290649	0.002594771329
685.2307739	0.002280855319
685.2324829	0.001997853164
685.2341919	0.001743799658
685.2358398	0.001524359221
685.2375488	0.001321323798
685.2392578	0.001141295419
685.2409058	0.00098765851
685.2426147	0.0008471964975
685.2443237	0.0007241497515
685.2459717	0.0006203755038
685.2476807	0.0005266075023
685.2493896	0.0004454367736
685.2510376	0.0003777716774
685.2527466	0.00031733379
685.2544556	0.0002656254801
685.2561646	0.0002215591085
685.2578125	0.0001853833237
685.2595215	0.0001535599586
685.2612305	0.0001267511252
685.2628784	0.0001049902276
685.2645874	8.606167103E-5
685.2662964	7.029699191E-5
685.2679443	5.764337766E-5
685.2696533	4.675882155E-5
685.2713623	3.779579492E-5
685.2730713	3.044313962E-5
685.2747192	2.46285108E-5
685.2764282	1.970020094E-5
685.2781372	1.570250788E-5
685.2797852	1.257570966E-5
685.2814941	9.954447705E-6
685.2832031	7.851770533E-6
685.2848511	6.225086508E-6
685.2865601	4.876204002E-6
685.288269	3.8061346E-6
685.289978	2.960409347E-6
685.291626	2.315601705E-6
685.293335	1.78861751E-6
685.2950439	1.376690648E-6
685.2966919	1.066011805E-6
685.2984009	8.148292636E-7
685.3001099	6.20635717E-7
685.3017578	4.757465319E-7
685.3034668	3.598574949E-7
685.3051758	2.712384628E-7
685.3068237	2.058273481E-7
685.3085327	1.540666972E-7
685.3102417	1.14915693E-7
685.3119507	8.541127272E-8
685.3135986	6.394395768E-8
685.3153076	4.719766267E-8
685.3170166	3.471409826E-8
685.3186646	2.572781099E-8
685.3203735	1.87920044E-8
685.3220825	1.367755331E-8
685.3237305	1.003500039E-8
685.3254395	7.253323275E-9
685.3271484	5.224223276E-9
685.3288574	3.749479838E-9
685.3305054	2.714008795E-9
685.3322144	1.934392868E-9
685.3339233	1.373863689E-9
685.3355713	9.844528526E-10
685.3372803	6.943485231E-10
685.3389893	4.880056914E-10
685.3406372	3.46168344E-10
685.3423462	2.416118139E-10
685.3440552	1.680406508E-10
685.3457031	1.180015807E-10
685.3474121	8.150181224E-11
685.3491211	5.609335912E-11
685.3508301	3.84697621E-11
685.352478	2.665162015E-11
685.354187	1.81516243E-11
685.355896	1.231889851E-11
685.3575439	8.448634153E-12
685.3592529	5.694109247E-12
685.3609619	3.824109432E-12
685.3626099	2.59629796E-12
685.3643188	1.72348778E-12
685.3660278	1.133254731E-12
685.3677368	7.506542588E-13
685.3693848	5.029037083E-13
685.3710938	3.003162226E-13
685.9661255	2.62239808E-14
685.9678345	5.171456999E-14
685.9694824	7.721870154E-14
685.9711914	1.166196995E-13
685.9729004	1.755031125E-13
685.9745483	2.594192493E-13
685.9762573	3.877007222E-13
685.9779663	5.773699661E-13
685.9796143	8.448499062E-13
685.9813232	1.249449871E-12
685.9830322	1.841284503E-12
685.9847412	2.703876836E-12
685.9863892	3.903350733E-12
685.9880981	5.692260465E-12
685.9898071	8.271713176E-12
685.9914551	1.182100424E-11
685.9931641	1.705873637E-11
685.994873	2.453026844E-11
685.996521	3.470312579E-11
685.99823	4.955709454E-11
685.999939	7.051904199E-11
686.0015869	9.875987528E-11
686.0032959	1.395606269E-10
686.0050049	1.965206886E-10
686.0067139	2.757511164E-10
686.0083618	3.809929316E-10
686.0100708	5.308935513E-10
686.0117798	7.371597222E-10
686.0134277	1.008252148E-9
686.0151367	1.390288107E-9
686.0168457	1.910309022E-9
686.0184937	2.586537651E-9
686.0202026	3.529388337E-9
686.0219116	4.798916819E-9
686.0236206	6.502053562E-9
686.0252686	8.685438146E-9
686.0269775	1.168640384E-8
686.0286865	1.566871255E-8
686.0303345	2.071964289E-8
686.0320435	2.758776141E-8
686.0337524	3.660276704E-8
686.0354004	4.791488095E-8
686.0371094	6.313199918E-8
686.0388184	8.288806441E-8
686.0404663	1.074128662E-7
686.0421753	1.400491954E-7
686.0438843	1.819567927E-7
686.0455933	2.355697148E-7
686.0472412	3.011686829E-7
686.0489502	3.872064269E-7
686.0506592	4.960652973E-7
686.0523071	6.27822601E-7
686.0540161	7.987572417E-7
686.0557251	1.012642542E-6
686.057373	1.268709752E-6
686.059082	1.597295523E-6
686.060791	2.003880354E-6
686.0625	2.505080374E-6
686.0641479	3.096376986E-6
686.0658569	3.84401892E-6
686.0675659	4.755328519E-6
686.0692139	5.81862696E-6
686.0709229	7.148210443E-6
686.0726318	8.750594134E-6
686.0742798	1.059950409E-5
686.0759888	1.288568274E-5
686.0776978	1.560963938E-5
686.0793457	1.871753193E-5
686.0810547	2.251727528E-5
686.0827637	2.699270408E-5
686.0844727	3.224337343E-5
686.0861206	3.814367665E-5
686.0878296	4.52478962E-5
686.0895386	5.34857063E-5
686.0911865	6.263651449E-5
686.0928955	7.352731336E-5
686.0946045	8.600689762E-5
686.0962524	9.970823157E-5
686.0979614	0.0001158236919
686.0996704	0.0001340686722
686.1013794	0.0001546395652
686.1030273	0.0001768660877
686.1047363	0.0002025908179
686.1064453	0.0002312375582
686.1080933	0.0002618124709
686.1098022	0.0002967636974
686.1115112	0.0003351928317
686.1131592	0.0003756943333
686.1148682	0.0004214056826
686.1165771	0.0004710094072
686.1182251	0.0005226098001
686.1199341	0.0005800809595
686.1216431	0.0006415981916
686.1233521	0.0007071330328
686.125	0.0007740615401
686.126709	0.0008472183836
686.128418	0.0009240143117
686.1300659	0.00100129284
686.1317749	0.00108449196
686.1334839	0.001170455827
686.1351318	0.001255583018
686.1368408	0.001345724217
686.1385498	0.001437242841
686.1402588	0.001529564266
686.1419067	0.001618767856
686.1436157	0.001710818964
686.1453247	0.001801718958
686.1469727	0.001887608552
686.1486816	0.001974134939
686.1503906	0.002057336271
686.1520386	0.002133723814
686.1537476	0.002208251506
686.1554565	0.002277310938
686.1571045	0.002338101855
686.1588135	0.002394523937
686.1605225	0.002443646779
686.1622314	0.002484970493
686.1638794	0.002517032437
686.1655884	0.002541871043
686.1672974	0.002557889558
686.1689453	0.002564823255
686.1706543	0.002563112415
686.1723633	0.002552356571
686.1740112	0.002533524996
686.1757202	0.002505421871
686.1774292	0.002468880499
686.1791382	0.002424280392
686.1807861	0.002374068135
686.1824951	0.002315036952
686.1842041	0.002249500714
686.1858521	0.002180743963
686.187561	0.002104335232
686.18927	0.002023432404
686.190918	0.001941848779
686.192627	0.001854262198
686.1943359	0.001764373272
686.1960449	0.001672912738
686.1976929	0.001583895995
686.1994019	0.001491390984
686.2011108	0.001399329165
686.2027588	0.001311539789
686.2044678	0.001222058083
686.2061768	0.001134660095
686.2078247	0.001052775071
686.2095337	0.0009707144927
686.2112427	0.0008918895037
686.2128906	0.0008191983798
686.2145996	0.000747464539
686.2163086	0.0006796037196
686.2180176	0.0006157216267
686.2196655	0.0005579420831
686.2213745	0.0005019954988
686.2230835	0.0004500638461
686.2247314	0.000403726357
686.2264404	0.0003594540758
686.2281494	0.0003189064446
686.2297974	0.0002831943275
686.2315063	0.0002495091758
686.2332153	0.0002190544183
686.2349243	0.0001916377805
686.2365723	0.0001678916451
686.2382813	0.0001458613842
686.2399902	0.0001262743317
686.2416382	0.0001095144326
686.2433472	9.415169188E-5
686.2450562	8.065821021E-5
686.2467041	6.92489557E-5
686.2484131	5.891361798E-5
686.2501221	4.994381743E-5
686.25177	4.244775482E-5
686.253479	3.573574941E-5
686.255188	2.997882621E-5
686.256897	2.506051169E-5
686.2585449	2.101307837E-5
686.2602539	1.744404108E-5
686.2619629	1.443006386E-5
686.2636108	1.197778147E-5
686.2653198	9.839646737E-6
686.2670288	8.054641512E-6
686.2686768	6.618546649E-6
686.2703857	5.380362381E-6
686.2720947	4.358369551E-6
686.2738037	3.518034191E-6
686.2754517	2.851960062E-6
686.2771606	2.286133849E-6
686.2788696	1.826095172E-6
686.2805176	1.465463924E-6
686.2822266	1.162462809E-6
686.2839355	9.188540844E-7
686.2855835	7.299727258E-7
686.2872925	5.730022394E-7
686.2890015	4.481977101E-7
686.2906494	3.524830561E-7
686.2923584	2.738001115E-7
686.2940674	2.119301286E-7
686.2957764	1.634614648E-7
686.2974243	1.268267482E-7
686.2991333	9.714393912E-8
686.3008423	7.41454329E-8
686.3024902	5.694928262E-8
686.3041992	4.316569857E-8
686.3059082	3.260266368E-8
686.3075562	2.478937056E-8
686.3092651	1.859353205E-8
686.3109741	1.389702753E-8
686.3126831	1.035012609E-8
686.3143311	7.763986787E-9
686.31604	5.742365694E-9
686.317749	4.232142636E-9
686.319397	3.142737404E-9
686.321106	2.300168944E-9
686.3228149	1.677548322E-9
686.3244629	1.233194213E-9
686.3261719	8.931592688E-10
686.3278809	6.445996514E-10
686.3295288	4.690882127E-10
686.3312378	3.362002343E-10
686.3329468	2.401070454E-10
686.3346558	1.708739261E-10
686.3363037	1.226782564E-10
686.3380127	8.670025115E-11
686.3397217	6.105722872E-11
686.3413696	4.339472878E-11
686.3430786	3.034838006E-11
686.3447876	2.114940341E-11
686.3464355	1.488013358E-11
686.3481445	1.0297963E-11
686.3498535	7.10165737E-12
686.3515625	4.880130588E-12
686.3532104	3.387407108E-12
686.3549194	2.311646968E-12
686.3566284	1.571951662E-12
686.3582764	1.08014975E-12
686.3599854	7.294298629E-13
686.3616943	4.908481933E-13
686.3633423	3.338873503E-13
686.3650513	2.231238604E-13
686.3667603	1.485784423E-13
686.3684082	1.000499258E-13
686.3701172	6.616199423E-14
686.3718262	4.359778191E-14
686.3735352	1.168912159E-14
688.6707764	0
